$ANSIBLE_VAULT;1.1;AES256
33313036643965666235353034356230613263306563316534303132613462336636373539626135
3330333637653236663235646539393133363366623936320a613932623035353066303039346664
64353935623734643163666535663361353830613561356365353363363937366331396535316537
6539306534333839630a653335353733343264653263343465323736363031313531343039653666
64316633313138313431626462653037303162623632396432633465356135623737623866613832
37363661666665303164616463623935393064643263316137393439373735613431373832613666
34336232663036623238646161656332326638303637666264326466316235306637636532363434
66346335313765656161356162616236393533313832663865663939343465366534656461333366
36646562613164373763623465666436396266333862383734626539633935326363363032336534
39643933643264653765383336386432616132313262666361356163633631386138323432633139
61353164613639353239336139303337613937323539333839346136356535623463303863643235
36356439643163366633396233353661373466633236343237613265346564303836643261656535
65373865623936303232613031346665643462396432316164623963316435643736333166303937
38303932313862346664636666653332626365643732616364303161613738663466363864373833
33363836343635333838663662333837353862356538363134376130373161636633646132376462
66656134346464323461383831396366363863393237656332663433666534656662386539316537
3530
