$ANSIBLE_VAULT;1.1;AES256
35386565616230343736333836613561323237643430393038326332363739306535396336303465
3261326136346665656331353563356138646237393730620a633961333530393838643533633537
37353831353631386438383939323533623266646331383230623434396362366231386233636332
3139303238386334630a646337313034313432356663643562346630393565366566346133616435
39316632363636613035323365323139333934623938336238626234343238656261653564633131
62323239383264653139393364303331643339653235396339623262613737616235396361623233
64326531303664373537386437373762376335303439653561356362363463653738386432346161
37653562613430303837323266313962623163653863363034616636376636663830353266316233
37653363306230313838353362363138386535353536303038653736323566333761373532663332
33303831373361366662366339353430386465616466373065336664356532633832366365633838
63623030356332663338353734336334643231333064343364643433616563633034333330326663
39633063373536393932613135613562323634316162396238363732313731633837316263653366
39346333636261393461626565396166343335366463396465376232366238383366303962343130
62346463313963333634653937643165666531356433663262346130386565663433386434626236
66353032623463353361383462313961386233333064303261643038666632333666626335303339
31643331366661653465323337633765363661646432383966646265653863623838343666643337
32633566393366383836353033343735363435643539363762623934356366616533306662363063
36623835643532386235353931623435663031336533393932323738653466363563326539626662
33386436306633326466333030306633663336663766363761303430363636326333666634326438
66663834363637383334663238306439383737323336616537656331623065343830303834633839
62353565383162353732326236336561326666663063653437303637623064383030653362646664
33373435383835626365656366376532386230613137336234633538623536333234666663313738
64346635333237383062353763356461353930623136366161636636363864623266353939363531
34643233376237633230
